C1 1 201901131000 201901131100 -1 0 1 57 2 100 10 100
P1 1 201901131000 201901131100 -1 0 5 500 0 100 1000 100
K1 1 201901131001 201901131230 -1 0 3 55 1 100 8 100
K2 1 201901131000 201901131100 -1 0 2 100 1 100 80 150
P2 1 201901131100 201901131400 -1 0 7 100 0 150 1500 150
K5 1 201901131100 201901131400 -1 0 8 100 1 150 50 150
C3 1 201901151000 201901151200 -1 0 9 100 2 100 80 100
C2 1 201901131120 201901131200 -1 1 2 55 2 100 10 100
K1 1 201901131240 201901131330 0 3 4 55 1 0 5 240
K1 1 201901131340 201901131430 3 4 6 50 1 220 80 240
P1 1 201901131100 201901131200 0 5 7 100 2 150 1000 150
K3 1 201901131300 201901131400 -1 5 6 1000 1 150 100 150
K4 1 201901131405 201901131500 -1 7 8 100 1 150 50 150
K6 1 201901131500 201901131600 -1 8 9 100 1 150 60 200
